4 10 13 7 5 7 14 6 8 28 27 7 5 6 10 5 5 46 72 8 2 2 7 2 4 39 94 12 3 2 6 3 17 26 15 7 5 6 13 10 56 76 32 3 2 2 8 16 60 114 90 5 1 1 9 19 17 86 118 16 4 3 17 12 21 15 9 6 8 7 15 25 78 29 6 3 3 3 19 73 87 50 21 2 2 5 61 113 34 37 34 8 4 14 84 75 6 3 3 1 5 8 20 19 15 2 2 1 2 4 30 55 23 2 1 0 1 5 71 88 11 2 3 0 0 10 97 66 
12 16 10 6 8 11 19 17 27 28 13 4 6 11 25 27 38 40 18 4 4 6 20 30 38 32 21 5 5 6 13 18 10 35 34 12 9 8 10 8 27 62 45 9 4 5 13 15 51 77 43 5 1 3 9 22 43 61 38 6 3 3 6 14 12 65 68 16 6 3 4 4 17 100 90 13 1 1 2 3 29 101 86 10 1 0 2 4 28 73 62 10 3 3 4 5 22 65 63 9 2 1 5 5 20 88 73 8 0 2 5 4 15 77 70 12 4 5 6 2 12 45 52 13 8 5 7 4 
39 10 8 14 26 10 15 22 77 20 13 23 43 10 14 29 63 19 18 37 69 18 18 28 40 12 13 25 53 14 16 22 49 14 12 16 34 11 19 27 92 28 18 25 50 16 24 46 76 28 27 46 85 30 31 42 48 18 20 33 66 22 23 26 45 14 12 18 29 12 19 25 89 28 17 24 45 16 25 46 79 26 25 45 82 29 33 49 49 17 19 34 67 23 23 28 38 11 12 15 25 6 11 15 75 20 14 18 36 9 17 30 64 18 20 30 65 21 26 33 41 15 15 23 53 17 17 19 
13 11 18 12 13 11 21 12 20 15 23 16 19 15 26 17 19 14 22 15 19 17 27 16 16 11 16 12 16 12 21 13 24 24 53 25 21 16 39 26 41 37 72 38 35 25 50 36 34 31 69 41 40 27 49 28 26 23 53 24 27 18 36 20 24 30 80 26 22 22 56 24 40 44 97 37 35 36 78 39 35 40 102 45 41 36 85 39 22 28 91 34 27 25 70 30 10 15 52 11 9 16 63 16 13 21 66 15 11 20 79 21 12 20 67 16 12 22 78 19 9 15 57 15 10 18 61 15 
1 3 32 73 41 9 2 1 1 0 15 92 85 14 3 1 1 1 6 55 74 13 4 2 3 1 7 19 28 7 6 5 2 2 19 48 60 51 22 2 1 0 6 67 120 67 8 0 1 1 3 44 106 46 5 2 4 2 7 18 39 20 6 4 1 0 2 6 30 99 74 9 1 0 0 14 79 120 44 3 1 2 4 18 75 78 16 2 2 3 6 11 27 30 11 4 0 0 2 1 15 79 72 8 2 1 3 4 22 89 55 6 3 3 5 9 25 56 25 4 3 3 5 7 11 21 13 4 
4 5 12 36 79 43 9 3 5 5 8 33 83 48 10 5 22 19 13 16 29 26 13 13 33 37 23 9 7 6 10 17 4 5 8 26 89 68 23 5 8 10 11 32 89 58 13 5 40 51 33 20 21 18 7 14 47 66 38 13 4 3 6 17 4 6 8 25 66 67 32 10 15 19 23 33 53 38 13 11 53 64 37 14 6 6 8 23 49 59 31 10 5 4 13 23 6 12 12 24 35 35 20 10 17 26 24 25 21 19 13 12 42 46 25 6 3 3 13 23 33 33 16 7 3 5 17 21 
6 7 7 6 6 7 13 7 9 19 17 6 9 7 13 5 9 27 33 8 6 5 11 5 8 24 41 8 3 3 8 4 14 18 8 6 5 6 9 8 34 73 33 3 3 4 8 7 23 108 107 10 2 2 4 3 6 70 115 27 2 1 3 2 31 23 6 5 7 4 3 7 114 94 16 1 2 1 1 16 100 125 82 10 3 4 7 14 15 60 94 31 10 8 7 4 33 17 6 4 3 3 2 8 123 38 7 1 0 1 3 35 114 43 12 3 3 8 19 46 23 22 15 10 9 16 25 16 
59 8 3 4 13 15 28 57 97 16 4 3 4 8 20 78 50 13 7 4 4 6 9 33 8 5 7 5 7 6 9 9 66 17 7 9 14 13 25 55 119 33 8 6 5 8 26 90 85 24 7 4 3 8 16 55 13 8 9 6 8 8 7 10 62 35 20 12 10 8 14 33 118 57 19 8 6 7 17 62 103 47 14 5 3 7 17 48 18 11 13 9 8 7 7 9 55 36 20 12 10 5 6 17 90 54 20 7 6 7 12 32 84 43 13 5 6 10 22 42 19 11 10 8 9 8 14 14 
9 4 6 2 1 9 42 29 6 4 8 2 4 13 54 27 3 3 9 3 5 20 51 16 3 1 7 4 8 27 36 9 5 1 1 2 2 18 98 46 2 1 1 1 1 25 120 45 1 0 1 0 2 40 122 31 1 0 0 1 4 46 105 22 1 0 0 0 1 26 116 38 0 0 1 1 1 33 134 40 1 1 0 0 1 41 135 35 2 1 0 0 2 38 119 32 1 1 4 1 2 22 75 16 2 2 6 1 1 23 91 19 5 3 7 1 1 21 88 23 6 4 6 1 0 17 68 23 
0 12 89 18 3 1 3 1 0 16 103 16 3 1 4 1 2 19 103 14 1 0 4 1 4 17 90 15 1 0 4 2 0 29 133 18 2 0 0 1 0 31 145 25 1 0 0 0 1 28 146 34 1 0 0 0 2 22 127 38 6 0 0 1 5 35 91 13 1 2 4 4 1 32 111 18 2 2 3 2 1 22 107 33 6 2 2 1 1 13 83 42 19 4 2 0 9 16 24 4 2 4 17 9 4 13 32 5 4 6 19 9 2 5 30 13 11 11 17 5 0 3 19 18 20 12 12 2 
34 16 21 26 28 21 28 30 39 22 28 51 63 45 44 38 28 17 22 42 64 49 42 36 32 14 12 15 23 19 25 31 41 21 27 32 36 32 47 46 46 28 41 69 81 65 71 60 32 22 29 51 72 56 52 41 37 19 16 17 23 21 28 36 34 18 24 28 36 34 49 41 32 22 34 52 61 60 71 50 23 20 28 39 47 42 41 29 29 19 18 17 17 16 22 26 20 14 22 20 24 22 33 23 21 18 29 33 36 31 39 24 18 18 27 24 24 19 24 17 17 15 22 16 13 11 16 15 
2 21 63 13 5 4 3 2 4 30 85 15 2 2 2 3 5 34 91 14 2 2 3 2 4 28 80 11 2 1 3 2 8 42 80 17 5 4 12 7 8 53 97 19 2 5 18 7 9 48 95 23 4 10 22 8 5 27 76 21 9 13 23 6 8 17 21 5 4 20 84 24 6 15 21 5 4 32 105 27 5 9 15 4 4 43 113 27 2 4 11 5 7 41 102 17 2 2 3 2 4 23 88 14 1 1 3 1 5 31 105 17 1 2 3 1 3 30 107 17 1 3 3 0 1 23 92 13 
6 3 6 5 9 13 18 13 5 4 7 7 8 15 28 15 10 5 7 8 6 6 16 19 7 4 6 6 6 3 4 10 12 4 4 7 21 44 62 36 21 6 5 8 26 58 91 61 41 10 6 7 12 23 58 77 19 6 6 6 9 9 17 32 13 5 6 10 31 60 73 40 41 12 7 14 45 71 91 81 87 22 8 7 17 28 65 112 46 10 6 6 12 16 31 63 11 6 8 12 30 39 38 28 38 15 11 15 32 35 34 45 76 23 9 7 14 13 32 83 51 12 5 4 10 14 34 62 
2 10 57 42 8 3 3 2 3 8 46 49 10 4 6 3 5 5 28 41 8 6 7 4 6 5 14 20 7 6 5 5 4 25 98 75 9 1 1 1 2 11 92 113 26 1 1 1 3 3 36 94 37 5 3 3 6 4 13 37 23 7 6 7 10 30 64 55 24 7 4 4 4 12 51 113 86 18 2 1 2 2 15 91 108 18 2 1 4 4 8 36 48 10 3 5 11 12 12 17 28 28 19 10 4 3 7 36 91 53 13 5 2 2 3 40 107 39 4 1 3 4 4 24 48 13 4 2 
51 43 11 2 3 4 7 16 48 68 44 10 3 3 3 11 18 39 63 31 8 3 3 7 7 11 35 32 18 9 8 5 89 42 6 1 2 2 7 36 88 62 24 6 2 5 12 44 23 25 34 32 24 28 27 19 3 5 16 30 39 37 28 7 69 17 4 2 2 4 15 64 63 15 4 1 3 20 65 92 11 4 4 6 20 66 91 43 3 1 2 6 31 72 66 13 24 4 2 3 3 8 28 46 14 2 2 2 4 23 75 63 5 2 3 1 6 48 90 33 4 2 3 2 10 47 62 12 
3 5 19 24 19 18 21 6 5 5 18 25 26 26 23 7 7 7 15 18 24 23 20 10 7 7 11 11 13 14 19 11 3 8 49 45 24 18 13 4 3 7 56 57 25 21 14 6 3 6 52 55 18 18 13 6 5 7 33 28 11 11 14 8 4 20 91 55 15 6 3 1 2 12 108 87 14 3 2 1 1 8 106 90 10 2 3 1 2 8 80 65 12 2 2 3 10 21 73 35 6 5 8 5 3 15 92 62 10 4 5 3 1 9 88 77 20 4 2 0 1 9 68 68 23 5 2 0 
22 19 5 4 2 2 6 6 61 57 7 1 1 1 3 10 70 104 27 2 0 0 1 8 35 86 56 6 3 1 1 6 39 24 10 4 3 2 5 8 101 61 9 1 1 1 3 25 118 87 12 3 1 1 8 46 66 69 26 5 6 6 20 39 38 14 6 3 4 4 7 17 91 24 4 2 2 4 13 60 96 24 3 1 1 4 40 104 45 13 3 2 6 12 68 83 22 8 5 2 3 5 9 15 43 13 4 1 2 4 16 46 41 11 4 1 2 5 45 76 18 6 3 1 5 11 68 62 
34 4 1 2 4 5 22 59 83 12 2 1 4 3 22 90 66 19 7 2 2 2 26 79 17 9 11 6 8 12 31 34 28 3 2 3 5 6 20 62 75 6 2 2 4 3 32 117 63 6 1 2 4 9 76 125 15 2 2 2 6 24 83 68 17 3 4 3 4 6 17 45 33 5 4 3 3 5 38 92 28 3 2 3 4 10 87 109 17 3 2 1 3 19 94 74 11 5 6 3 3 5 11 22 14 6 6 4 3 4 21 41 16 7 5 4 3 5 37 49 16 7 5 3 3 8 43 42 
53 17 5 2 5 8 24 51 45 19 12 10 11 11 27 44 12 8 12 27 47 45 28 13 6 2 4 22 61 61 28 11 53 12 5 4 10 17 47 81 53 10 5 7 15 36 84 94 13 3 5 17 59 97 85 39 9 4 4 14 65 86 46 18 24 12 8 8 12 18 46 56 25 8 7 8 14 37 91 75 11 6 7 10 30 78 86 34 13 9 8 9 29 54 35 16 12 9 11 9 8 10 22 20 12 10 13 9 9 17 39 24 10 11 16 11 14 29 33 14 11 9 12 9 12 21 16 11 
2 4 7 3 16 64 42 10 1 3 5 5 29 101 46 2 0 1 2 5 44 105 42 2 1 0 1 4 32 71 37 5 2 3 0 1 15 92 74 8 1 1 1 0 15 123 79 3 0 0 1 1 26 118 60 3 1 1 1 2 22 77 36 8 1 2 1 3 20 81 71 7 1 1 1 3 18 97 68 5 1 5 3 3 17 85 51 6 2 7 7 2 14 50 29 8 2 2 4 9 21 50 36 8 1 4 4 8 20 56 37 6 4 8 7 5 12 43 29 7 5 11 9 3 7 25 17 7 
5 4 6 4 7 10 5 4 6 3 5 4 13 27 20 6 8 4 4 6 23 42 45 16 7 3 4 6 22 36 42 19 8 4 6 7 27 25 10 7 8 2 5 12 59 88 51 16 15 6 6 14 48 98 101 42 17 7 5 6 26 61 85 47 12 4 8 16 54 47 30 17 9 4 9 37 103 95 50 18 13 7 11 29 68 85 70 33 21 9 7 8 19 38 60 40 7 3 5 16 46 42 32 14 7 4 9 38 81 54 26 12 10 7 15 34 57 34 18 11 15 11 13 14 19 17 20 17 
5 1 2 2 5 38 100 34 6 1 4 1 3 46 121 44 5 1 4 2 4 41 125 54 6 1 5 3 5 31 103 53 2 0 2 2 12 50 88 24 5 3 3 2 5 46 111 41 10 4 3 2 5 31 107 60 18 3 3 1 2 22 85 56 4 4 13 14 20 26 32 14 9 13 17 12 13 22 43 21 18 15 18 7 8 16 42 33 28 15 15 4 4 10 32 34 5 8 22 16 18 11 9 8 10 14 26 16 14 11 11 10 19 19 23 10 8 10 10 13 26 19 19 6 4 6 10 16 
19 16 26 18 20 15 27 16 30 26 38 24 25 20 37 24 34 31 43 27 30 22 40 26 23 22 35 22 26 20 32 19 35 28 47 26 32 29 50 29 61 52 71 42 49 45 69 48 65 60 81 52 60 56 82 55 41 38 66 40 46 42 70 38 19 17 37 15 20 28 56 24 34 28 50 22 27 42 80 42 39 32 56 27 34 51 90 49 26 22 46 21 26 37 74 33 6 7 20 7 6 10 23 8 8 10 25 11 8 12 28 11 11 12 26 11 10 14 30 14 10 11 22 10 8 12 27 12 
3 3 24 65 82 15 6 2 3 3 20 37 50 19 12 3 6 5 15 15 16 15 16 11 10 6 12 8 7 7 14 11 5 3 26 102 110 15 1 1 1 1 15 73 92 14 4 1 6 7 18 28 31 11 10 6 11 12 14 14 8 7 9 11 4 1 12 89 137 36 7 3 1 1 7 61 113 23 5 2 5 6 15 30 46 13 13 4 12 12 13 11 14 8 13 10 1 0 4 45 118 61 20 5 2 1 4 39 102 38 10 2 7 4 9 27 42 15 11 5 11 9 10 11 14 6 8 8 
11 10 12 18 41 13 1 1 3 3 7 31 89 28 3 0 0 0 1 33 110 43 5 0 4 1 1 19 66 35 8 5 12 7 5 17 55 15 3 2 4 2 2 35 111 29 1 0 0 1 3 41 130 36 2 0 6 3 6 30 83 29 2 4 14 5 5 17 55 13 4 6 4 3 6 39 107 24 2 1 0 3 12 53 123 25 1 0 4 3 15 41 83 20 2 2 11 4 6 14 40 16 8 7 3 2 7 31 84 29 6 2 0 1 11 44 99 26 3 0 2 2 15 38 68 18 2 1 
9 8 15 11 16 19 28 16 3 2 13 39 89 47 13 3 2 0 4 40 116 51 13 7 5 1 3 15 40 18 14 10 11 4 5 3 7 37 111 54 4 1 5 18 86 100 106 29 2 1 5 28 119 89 29 7 6 5 7 13 40 22 11 9 5 2 3 3 6 33 121 51 6 3 3 4 19 73 124 42 4 4 6 8 42 68 51 13 7 6 7 10 24 17 10 8 5 3 10 9 7 10 34 18 8 4 7 5 6 13 40 22 10 7 5 4 6 17 28 14 8 6 5 5 11 10 11 7 
2 18 81 28 7 4 4 1 1 10 86 54 8 5 4 1 4 6 46 49 14 8 6 4 4 5 18 23 16 10 7 4 13 33 95 43 8 9 15 9 4 16 99 95 40 24 14 3 2 4 44 90 74 27 7 2 5 5 16 38 42 16 8 3 17 14 24 12 11 53 77 27 5 6 19 28 51 98 76 16 1 2 6 30 77 87 37 4 5 6 7 18 41 36 14 4 5 2 2 1 6 48 76 19 3 2 4 3 13 68 75 12 4 2 4 6 21 57 40 6 7 5 5 6 14 27 16 4 
20 15 18 18 22 19 25 20 31 23 23 21 24 22 31 29 30 22 22 19 24 21 26 25 19 15 16 13 18 16 19 16 37 32 36 32 37 27 31 27 53 50 52 43 46 35 44 40 47 43 45 40 46 37 46 37 29 25 26 21 28 24 32 24 46 34 36 33 41 31 37 33 71 54 53 49 64 49 55 52 62 47 49 51 68 50 55 47 40 28 31 28 38 30 36 30 34 24 29 23 32 27 36 28 46 32 37 30 46 38 49 39 44 32 38 31 48 40 48 38 30 22 29 21 31 26 33 25 
26 48 24 4 1 3 4 5 28 61 51 11 5 2 3 4 11 29 62 31 13 5 4 3 4 10 42 29 10 4 6 3 50 84 29 2 0 0 2 5 47 102 74 14 4 1 1 4 9 41 88 63 22 4 1 2 2 11 54 66 24 5 2 1 76 77 19 2 1 0 4 20 72 82 35 8 5 3 7 28 16 32 55 55 32 16 12 11 3 8 36 69 49 15 5 2 64 41 10 2 2 1 7 28 56 32 8 3 5 8 20 40 17 13 11 17 23 28 30 26 6 5 12 28 41 29 14 8 
22 6 7 9 16 13 17 19 59 16 4 3 5 7 17 30 99 28 3 1 1 3 9 45 102 38 5 1 1 1 4 40 29 10 9 15 20 12 14 14 74 22 6 6 7 6 10 28 114 33 3 2 2 3 6 44 121 39 3 1 1 1 3 49 28 15 7 12 22 10 10 12 76 28 5 6 9 6 7 19 120 38 5 1 1 2 5 33 124 41 5 1 1 2 3 44 23 19 8 8 19 9 5 10 62 29 10 7 8 3 3 15 100 36 4 3 1 1 3 28 101 27 2 1 2 2 6 37 
